Rmin = 9.99999978e-03
Rmax = 1.00000000e+01
